1914  1 15 1914.04     9505.76
1914  2 15 1914.12     8438.43
1914  3 15 1914.21     7628.43
1914  4 15 1914.29    12449.41
1914  5 15 1914.38    14187.46
1914  6 15 1914.46    12934.70
1914  7 15 1914.54    10519.63
1914  8 15 1914.62     8582.31
1914  9 15 1914.71     8139.87
1914 10 15 1914.79     7965.28
1914 11 15 1914.88     8644.91
1914 12 15 1914.96     8260.11
1915  1 15 1915.04     8493.27
1915  2 15 1915.12     7686.85
1915  3 15 1915.21     7358.66
1915  4 15 1915.29    11040.42
1915  5 15 1915.38    15767.13
1915  6 15 1915.46    11491.61
1915  7 15 1915.54     9947.86
1915  8 15 1915.62     8692.58
1915  9 15 1915.71     8427.26
1915 10 15 1915.79     9259.43
1915 11 15 1915.88     9636.41
1915 12 15 1915.96     8720.71
1916  1 15 1916.04     9062.19
1916  2 15 1916.12     8725.22
1916  3 15 1916.21     7613.45
1916  4 15 1916.29    16644.72
1916  5 15 1916.38    21720.27
1916  6 15 1916.46    15560.47
1916  7 15 1916.54    11794.20
1916  8 15 1916.62     9486.51
1916  9 15 1916.71     8682.72
1916 10 15 1916.79     9598.87
1916 11 15 1916.88    10505.24
1916 12 15 1916.96     9832.89
1917  1 15 1917.04     9120.05
1917  2 15 1917.12     8665.88
1917  3 15 1917.21     7898.21
1917  4 15 1917.29    14333.35
1917  5 15 1917.38    16628.77
1917  6 15 1917.46    17372.47
1917  7 15 1917.54    14795.99
1917  8 15 1917.62    11758.03
1917  9 15 1917.71    10449.63
1917 10 15 1917.79    10139.87
1917 11 15 1917.88    11292.30
1917 12 15 1917.96     9832.89
1918  1 15 1918.04     9148.98
1918  2 15 1918.12     8428.54
1918  3 15 1918.21     8452.76
1918  4 15 1918.29    14713.30
1918  5 15 1918.38    17751.51
1918  6 15 1918.46    14627.34
1918  7 15 1918.54    13128.33
1918  8 15 1918.62    10500.97
1918  9 15 1918.71    10545.43
1918 10 15 1918.79    11211.25
1918 11 15 1918.88    12661.98
1918 12 15 1918.96    10945.07
1919  1 15 1919.04    10383.26
1919  2 15 1919.12     9180.12
1919  3 15 1919.21     9741.70
1919  4 15 1919.29    16185.62
1919  5 15 1919.38    22790.79
1919  6 15 1919.46    16634.65
1919  7 15 1919.54    11234.34
1919  8 15 1919.62     9828.34
1919  9 15 1919.71     9566.18
1919 10 15 1919.79    11211.25
1919 11 15 1919.88    11588.72
1919 12 15 1919.96    10428.30
1920  1 15 1920.04     9120.05
1920  2 15 1920.12     8112.09
1920  3 15 1920.21     7913.20
1920  4 15 1920.29    13874.24
1920  5 15 1920.38    16850.70
1920  6 15 1920.46    13488.06
1920  7 15 1920.54    10090.80
1920  8 15 1920.62     9045.43
1920  9 15 1920.71     8405.98
1920 10 15 1920.79     8294.12
1920 11 15 1920.88     9166.21
1920 12 15 1920.96     9035.27
1921  1 15 1921.04     9110.41
1921  2 15 1921.12     8250.54
1921  3 15 1921.21     9651.77
1921  4 15 1921.29    16328.10
1921  5 15 1921.38    18848.14
1921  6 15 1921.46    11350.55
1921  7 15 1921.54     9221.24
1921  8 15 1921.62     8427.93
1921  9 15 1921.71     8193.09
1921 10 15 1921.79     9651.91
1921 11 15 1921.88     9626.18
1921 12 15 1921.96     9113.91
1922  1 15 1922.04     8743.98
1922  2 15 1922.12     7756.08
1922  3 15 1922.21     7823.27
1922  4 15 1922.29    16739.71
1922  5 15 1922.38    18443.43
1922  6 15 1922.46    12782.79
1922  7 15 1922.54    10900.81
1922  8 15 1922.62     9607.80
1922  9 15 1922.71     9204.28
1922 10 15 1922.79     9036.66
1922 11 15 1922.88     9074.22
1922 12 15 1922.96     7979.26
1923  1 15 1923.04     8030.41
1923  2 15 1923.12     7370.40
1923  3 15 1923.21     5874.88
1923  4 15 1923.29    10755.46
1923  5 15 1923.38    14566.06
1923  6 15 1923.46    12978.10
1923  7 15 1923.54     9483.30
1923  8 15 1923.62     8416.91
1923  9 15 1923.71     9321.36
1923 10 15 1923.79     8463.84
1923 11 15 1923.88     8542.70
1923 12 15 1923.96     8698.24
1924  1 15 1924.04     8878.98
1924  2 15 1924.12     8052.75
1924  3 15 1924.21     7538.51
1924  4 15 1924.29    13320.14
1924  5 15 1924.38    18626.20
1924  6 15 1924.46    15983.63
1924  7 15 1924.54    12044.35
1924  8 15 1924.62    10445.84
1924  9 15 1924.71    10109.02
1924 10 15 1924.79    10224.73
1924 11 15 1924.88     9493.30
1924 12 15 1924.96     9394.76
1925  1 15 1925.04     8165.41
1925  2 15 1925.12     7835.19
1925  3 15 1925.21     8857.42
1925  4 15 1925.29    15219.90
1925  5 15 1925.38    16119.62
1925  6 15 1925.46    13314.46
1925  7 15 1925.54    10686.40
1925  8 15 1925.62     9453.43
1925  9 15 1925.71     7990.86
1925 10 15 1925.79     7944.06
1925 11 15 1925.88     8839.12
1925 12 15 1925.96     9113.91
1926  1 15 1926.04     8473.98
1926  2 15 1926.12     7281.40
1926  3 15 1926.21     5919.84
1926  4 15 1926.29    10296.35
1926  5 15 1926.38    14840.21
1926  6 15 1926.46    13954.63
1926  7 15 1926.54    11413.02
1926  8 15 1926.62     9387.27
1926  9 15 1926.71     8214.38
1926 10 15 1926.79     8686.61
1926 11 15 1926.88    11711.38
1926 12 15 1926.96    10720.39
1927  1 15 1927.04     9332.19
1927  2 15 1927.12     8824.11
1927  3 15 1927.21     9876.59
1927  4 15 1927.29    13494.28
1927  5 15 1927.38    14918.54
1927  6 15 1927.46    13737.62
1927  7 15 1927.54    12080.09
1927  8 15 1927.62    11063.34
1927  9 15 1927.71     8735.94
1927 10 15 1927.79     9917.11
1927 11 15 1927.88    11946.48
1927 12 15 1927.96    10967.54
1928  1 15 1928.04    10412.19
1928  2 15 1928.12     9822.91
1928  3 15 1928.21     9711.72
1928  4 15 1928.29    17784.58
1928  5 15 1928.38    23874.37
1928  6 15 1928.46    13466.36
1928  7 15 1928.54    12925.83
1928  8 15 1928.62    10710.48
1928  9 15 1928.71    11045.70
1928 10 15 1928.79    12749.38
1928 11 15 1928.88    12661.98
1928 12 15 1928.96    11124.82
1929  1 15 1929.04    10633.97
1929  2 15 1929.12     9674.58
1929  3 15 1929.21    11135.55
1929  4 15 1929.29    17705.43
1929  5 15 1929.38    21367.78
1929  6 15 1929.46    17611.18
1929  7 15 1929.54    13366.57
1929  8 15 1929.62    12044.73
1929  9 15 1929.71    10949.90
1929 10 15 1929.79    10585.39
1929 11 15 1929.88    11077.64
1929 12 15 1929.96     9484.63
1930  1 15 1930.04    10228.97
1930  2 15 1930.12    10020.70
1930  3 15 1930.21    10835.80
1930  4 15 1930.29    15061.59
1930  5 15 1930.38    17855.95
1930  6 15 1930.46    15310.91
1930  7 15 1930.54    14867.46
1930  8 15 1930.62    12496.83
1930  9 15 1930.71    10545.43
1930 10 15 1930.79     9662.52
1930 11 15 1930.88     9544.41
1930 12 15 1930.96     8866.76
1931  1 15 1931.04     8975.41
1931  2 15 1931.12     8250.54
1931  3 15 1931.21     7463.57
1931  4 15 1931.29    12987.68
1931  5 15 1931.38    12124.75
1931  6 15 1931.46    11176.95
1931  7 15 1931.54     9173.59
1931  8 15 1931.62     8141.24
1931  9 15 1931.71     7841.84
1931 10 15 1931.79     8591.14
1931 11 15 1931.88     9646.63
1931 12 15 1931.96     8866.76
1932  1 15 1932.04     9293.62
1932  2 15 1932.12     9150.45
1932  3 15 1932.21     9322.04
1932  4 15 1932.29    15663.18
1932  5 15 1932.38    14383.28
1932  6 15 1932.46    10178.72
1932  7 15 1932.54    11150.96
1932  8 15 1932.62    10324.54
1932  9 15 1932.71    12014.31
1932 10 15 1932.79    13576.78
1932 11 15 1932.88    12549.55
1932 12 15 1932.96     9664.38
1933  1 15 1933.04     9467.19
1933  2 15 1933.12     8606.55
1933  3 15 1933.21     8257.92
1933  4 15 1933.29    17135.50
1933  5 15 1933.38    17855.95
1933  6 15 1933.46    12424.73
1933  7 15 1933.54     8804.32
1933  8 15 1933.62     7986.86
1933  9 15 1933.71     7522.52
1933 10 15 1933.79     7360.64
1933 11 15 1933.88     7816.97
1933 12 15 1933.96     7226.57
1934  1 15 1934.04     7567.56
1934  2 15 1934.12     7311.07
1934  3 15 1934.21     6234.58
1934  4 15 1934.29    13842.57
1934  5 15 1934.38    17007.37
1934  6 15 1934.46    12261.98
1934  7 15 1934.54     9733.45
1934  8 15 1934.62     8053.02
1934  9 15 1934.71     7820.55
1934 10 15 1934.79     8495.67
1934 11 15 1934.88     8420.04
1934 12 15 1934.96     8372.45
1935  1 15 1935.04     7885.77
1935  2 15 1935.12     7578.07
1935  3 15 1935.21     7433.59
1935  4 15 1935.29    12211.94
1935  5 15 1935.38    12699.17
1935  6 15 1935.46    10417.43
1935  7 15 1935.54     9804.92
1935  8 15 1935.62     8924.14
1935  9 15 1935.71     7735.40
1935 10 15 1935.79     8357.77
1935 11 15 1935.88     8849.35
1935 12 15 1935.96     7720.87
1936  1 15 1936.04     7972.56
1936  2 15 1936.12     7172.62
1936  3 15 1936.21     9097.23
1936  4 15 1936.29    14760.79
1936  5 15 1936.38    20519.20
1936  6 15 1936.46    14139.08
1936  7 15 1936.54     8923.44
1936  8 15 1936.62     7887.62
1936  9 15 1936.71     7756.69
1936 10 15 1936.79     9832.24
1936 11 15 1936.88     9963.50
1936 12 15 1936.96     8316.28
1937  1 15 1937.04     9698.62
1937  2 15 1937.12     9476.79
1937  3 15 1937.21     9546.86
1937  4 15 1937.29    13779.25
1937  5 15 1937.38    18926.47
1937  6 15 1937.46    11480.76
1937  7 15 1937.54     9280.80
1937  8 15 1937.62     8791.82
1937  9 15 1937.71     9257.50
1937 10 15 1937.79     9948.93
1937 11 15 1937.88    11169.64
1937 12 15 1937.96     9731.79
1938  1 15 1938.04     8859.69
1938  2 15 1938.12     8754.88
1938  3 15 1938.21    10176.34
1938  4 15 1938.29    18291.19
1938  5 15 1938.38    17255.41
1938  6 15 1938.46    11838.82
1938  7 15 1938.54    10090.80
1938  8 15 1938.62    11361.07
1938  9 15 1938.71     9427.80
1938 10 15 1938.79     9227.60
1938 11 15 1938.88     9472.86
1938 12 15 1938.96     8642.07
1939  1 15 1939.04     8801.84
1939  2 15 1939.12     8151.64
1939  3 15 1939.21     7703.37
1939  4 15 1939.29    13019.34
1939  5 15 1939.38    17307.63
1939  6 15 1939.46    13021.50
1939  7 15 1939.54    12092.00
1939  8 15 1939.62    10203.25
1939  9 15 1939.71     8842.38
1939 10 15 1939.79     9301.86
1939 11 15 1939.88     9615.96
1939 12 15 1939.96     8451.09
1940  1 15 1940.04     8512.55
1940  2 15 1940.12     8092.31
1940  3 15 1940.21     6968.98
1940  4 15 1940.29    12069.46
1940  5 15 1940.38    15701.85
1940  6 15 1940.46    15180.71
1940  7 15 1940.54    11293.90
1940  8 15 1940.62     9232.89
1940  9 15 1940.71     9012.69
1940 10 15 1940.79     8654.78
1940 11 15 1940.88     9104.89
1940 12 15 1940.96     8900.46
1941  1 15 1941.04     9351.48
1941  2 15 1941.12     8665.88
1941  3 15 1941.21     8153.00
1941  4 15 1941.29    15061.59
1941  5 15 1941.38    12646.95
1941  6 15 1941.46     9473.45
1941  7 15 1941.54     8506.53
1941  8 15 1941.62     8251.50
1941  9 15 1941.71     9204.28
1941 10 15 1941.79    10489.92
1941 11 15 1941.88    11057.20
1941 12 15 1941.96     9686.85
1942  1 15 1942.04     9496.12
1942  2 15 1942.12     8932.89
1942  3 15 1942.21     9816.64
1942  4 15 1942.29    15346.55
1942  5 15 1942.38    17594.85
1942  6 15 1942.46    12066.67
1942  7 15 1942.54     9673.89
1942  8 15 1942.62     9166.73
1942  9 15 1942.71     8884.96
1942 10 15 1942.79     9736.77
1942 11 15 1942.88    10760.78
1942 12 15 1942.96     9304.89
1943  1 15 1943.04     9351.48
1943  2 15 1943.12     9368.01
1943  3 15 1943.21     9756.68
1943  4 15 1943.29    15172.41
1943  5 15 1943.38    19827.27
1943  6 15 1943.46    15983.63
1943  7 15 1943.54    12008.61
1943  8 15 1943.62    10908.97
1943  9 15 1943.71    10715.73
1943 10 15 1943.79    10320.20
1943 11 15 1943.88    10883.43
1943 12 15 1943.96    10506.94
1944  1 15 1944.04    10171.12
1944  2 15 1944.12     9516.35
1944  3 15 1944.21     9621.80
1944  4 15 1944.29    12734.38
1944  5 15 1944.38    13299.71
1944  6 15 1944.46    11003.34
1944  7 15 1944.54     9924.04
1944  8 15 1944.62     9464.45
1944  9 15 1944.71     9321.36
1944 10 15 1944.79     9514.01
1944 11 15 1944.88     9738.62
1944 12 15 1944.96     9372.29
1945  1 15 1945.04     8869.34
1945  2 15 1945.12     8843.89
1945  3 15 1945.21    11090.59
1945  4 15 1945.29    17547.11
1945  5 15 1945.38    16302.39
1945  6 15 1945.46    13314.46
1945  7 15 1945.54    11341.55
1945  8 15 1945.62     9993.74
1945  9 15 1945.71    10385.77
1945 10 15 1945.79    11614.35
1945 11 15 1945.88    11425.18
1945 12 15 1945.96    10754.09
1946  1 15 1946.04    10913.61
1946  2 15 1946.12    10129.48
1946  3 15 1946.21    12274.61
1946  4 15 1946.29    15441.54
1946  5 15 1946.38    14957.71
1946  6 15 1946.46    12837.04
1946  7 15 1946.54    11103.31
1946  8 15 1946.62     9806.28
1946  9 15 1946.71     9395.87
1946 10 15 1946.79     9959.54
1946 11 15 1946.88    10627.90
1946 12 15 1946.96    10506.94
1947  1 15 1947.04    10537.54
1947  2 15 1947.12    10475.60
1947  3 15 1947.21    10790.83
1947  4 15 1947.29    18085.38
1947  5 15 1947.38    21694.16
1947  6 15 1947.46    21029.02
1947  7 15 1947.54    13557.16
1947  8 15 1947.62    11327.99
1947  9 15 1947.71    10949.90
1947 10 15 1947.79    10839.98
1947 11 15 1947.88    10679.00
1947 12 15 1947.96    10484.47
1948  1 15 1948.04     9872.19
1948  2 15 1948.12     9387.79
1948  3 15 1948.21    10970.69
1948  4 15 1948.29    16549.74
1948  5 15 1948.38    15414.64
1948  6 15 1948.46    11958.17
1948  7 15 1948.54    10900.81
1948  8 15 1948.62    10401.73
1948  9 15 1948.71     9885.50
1948 10 15 1948.79     9747.38
1948 11 15 1948.88     9953.27
1948 12 15 1948.96     9540.81
1949  1 15 1949.04     9920.40
1949  2 15 1949.12     9813.02
1949  3 15 1949.21    10880.76
1949  4 15 1949.29    11436.21
1949  5 15 1949.38    15558.25
1949  6 15 1949.46    12837.04
1949  7 15 1949.54    10531.54
1949  8 15 1949.62     9243.92
1949  9 15 1949.71     9119.13
1949 10 15 1949.79     9270.03
1949 11 15 1949.88     9258.21
1949 12 15 1949.96     9304.89
1950  1 15 1950.04    10190.40
1950  2 15 1950.12     9971.25
1950  3 15 1950.21    10101.40
1950  4 15 1950.29    15742.34
1950  5 15 1950.38    14735.77
1950  6 15 1950.46    13737.62
1950  7 15 1950.54    11627.43
1950  8 15 1950.62    10015.79
1950  9 15 1950.71     9608.75
1950 10 15 1950.79     9673.13
1950 11 15 1950.88    10423.46
1950 12 15 1950.96    10720.39
1951  1 15 1951.04    10990.75
1951  2 15 1951.12    10307.48
1951  3 15 1951.21    12799.18
1951  4 15 1951.29    24196.29
1951  5 15 1951.38    18117.05
1951  6 15 1951.46    12251.13
1951  7 15 1951.54    12342.15
1951  8 15 1951.62    10997.18
1951  9 15 1951.71    10577.36
1951 10 15 1951.79    11062.74
1951 11 15 1951.88    12641.54
1951 12 15 1951.96    12270.70
1952  1 15 1952.04    11974.32
1952  2 15 1952.12    11830.41
1952  3 15 1952.21    13173.88
1952  4 15 1952.29    19636.85
1952  5 15 1952.38    17855.95
1952  6 15 1952.46    14432.04
1952  7 15 1952.54    12234.94
1952  8 15 1952.62    11658.79
1952  9 15 1952.71    10971.19
1952 10 15 1952.79    11052.14
1952 11 15 1952.88    10975.43
1952 12 15 1952.96    11518.02
1953  1 15 1953.04    11492.18
1953  2 15 1953.12    11454.63
1953  3 15 1953.21    13653.48
1953  4 15 1953.29    19905.99
1953  5 15 1953.38    15936.84
1953  6 15 1953.46    11524.16
1953  7 15 1953.54    10936.55
1953  8 15 1953.62    10247.36
1953  9 15 1953.71     9810.99
1953 10 15 1953.79     9715.56
1953 11 15 1953.88     9902.17
1953 12 15 1953.96     9990.17
1954  1 15 1954.04     9958.97
1954  2 15 1954.12     9892.14
1954  3 15 1954.21    12004.84
1954  4 15 1954.29    18037.89
1954  5 15 1954.38    16119.62
1954  6 15 1954.46    13140.85
1954  7 15 1954.54    11544.05
1954  8 15 1954.62    10445.84
1954  9 15 1954.71    10258.04
1954 10 15 1954.79    11921.97
1954 11 15 1954.88    12283.79
1954 12 15 1954.96    12113.43
1955  1 15 1955.04    11554.80
1955  2 15 1955.12    10599.60
1955  3 15 1955.21    12271.00
1955  4 15 1955.29    21530.00
1955  5 15 1955.38    16087.10
1955  6 15 1955.46    11933.30
1955  7 15 1955.54    10384.80
1955  8 15 1955.62     9920.32
1955  9 15 1955.71     9612.33
1955 10 15 1955.79     9661.61
1955 11 15 1955.88    11376.70
1955 12 15 1955.96    10203.90
1956  1 15 1956.04    10091.30
1956  2 15 1956.12     9490.69
1956  3 15 1956.21     9620.65
1956  4 15 1956.29    14930.00
1956  5 15 1956.38    16341.90
1956  6 15 1956.46    13820.00
1956  7 15 1956.54    11445.20
1956  8 15 1956.62    10854.80
1956  9 15 1956.71    11296.70
1956 10 15 1956.79    11071.00
1956 11 15 1956.88    10021.00
1956 12 15 1956.96     9840.32
1957  1 15 1957.04    10436.50
1957  2 15 1957.12     9860.00
1957  3 15 1957.21    10861.30
1957  4 15 1957.29    12293.30
1957  5 15 1957.38    11864.50
1957  6 15 1957.46    10800.00
1957  7 15 1957.54    12822.60
1957  8 15 1957.62     9944.84
1957  9 15 1957.71     9892.67
1957 10 15 1957.79     9903.55
1957 11 15 1957.88    11290.00
1957 12 15 1957.96    11958.10
1958  1 15 1958.04    11032.30
1958  2 15 1958.12    10066.40
1958  3 15 1958.21    10438.10
1958  4 15 1958.29    16430.00
1958  5 15 1958.38    12216.10
1958  6 15 1958.46    11196.70
1958  7 15 1958.54    10544.20
1958  8 15 1958.62     9818.06
1958  9 15 1958.71     9753.00
1958 10 15 1958.79    10300.60
1958 11 15 1958.88    10257.00
1958 12 15 1958.96     9908.06
1959  1 15 1959.04     8739.68
1959  2 15 1959.12     8904.29
1959  3 15 1959.21     8938.06
1959  4 15 1959.29    16403.30
1959  5 15 1959.38    13848.40
1959  6 15 1959.46    11643.30
1959  7 15 1959.54    10206.80
1959  8 15 1959.62     9670.00
1959  9 15 1959.71     9105.33
1959 10 15 1959.79     9435.48
1959 11 15 1959.88    11580.00
1959 12 15 1959.96    11554.80
1960  1 15 1960.04    10696.80
1960  2 15 1960.12    10473.40
1960  3 15 1960.21    10358.10
1960  4 15 1960.29    20200.00
1960  5 15 1960.38    19429.00
1960  6 15 1960.46    12886.70
1960  7 15 1960.54    12506.50
1960  8 15 1960.62    10910.30
1960  9 15 1960.71     9349.67
1960 10 15 1960.79     8479.68
1960 11 15 1960.88     9158.00
1960 12 15 1960.96     8857.74
1961  1 15 1961.04     9514.84
1961  2 15 1961.12     8934.29
1961  3 15 1961.21     9364.84
1961  4 15 1961.29    13843.30
1961  5 15 1961.38    15187.10
1961  6 15 1961.46    12830.00
1961  7 15 1961.54    11377.40
1961  8 15 1961.62    10525.80
1961  9 15 1961.71    10459.00
1961 10 15 1961.79     9461.94
1961 11 15 1961.88     8913.67
1961 12 15 1961.96     9720.32
1962  1 15 1962.04     9398.71
1962  2 15 1962.12     9215.71
1962  3 15 1962.21     9029.68
1962  4 15 1962.29    14800.00
1962  5 15 1962.38    13095.80
1962  6 15 1962.46     9760.33
1962  7 15 1962.54     8796.77
1962  8 15 1962.62     8911.29
1962  9 15 1962.71     8481.33
1962 10 15 1962.79     8941.94
1962 11 15 1962.88     9866.33
1962 12 15 1962.96     8684.84
1963  1 15 1963.04     8859.68
1963  2 15 1963.12     8541.07
1963  3 15 1963.21     8129.68
1963  4 15 1963.29    14716.70
1963  5 15 1963.38    12152.30
1963  6 15 1963.46     8938.33
1963  7 15 1963.54     8411.94
1963  8 15 1963.62     8684.52
1963  9 15 1963.71     8921.67
1963 10 15 1963.79     8730.97
1963 11 15 1963.88    10509.30
1963 12 15 1963.96     9980.00
1964  1 15 1964.04     9729.35
1964  2 15 1964.12     8978.28
1964  3 15 1964.21     9441.94
1964  4 15 1964.29    12601.00
1964  5 15 1964.38    10958.10
1964  6 15 1964.46     9523.67
1964  7 15 1964.54     8672.58
1964  8 15 1964.62     8129.35
1964  9 15 1964.71     7822.00
1964 10 15 1964.79     7938.39
1964 11 15 1964.88     8242.67
1964 12 15 1964.96     8665.16
1965  1 15 1965.04     8765.16
1965  2 15 1965.12     8522.86
1965  3 15 1965.21     8102.58
1965  4 15 1965.29    10039.70
1965  5 15 1965.38    10807.70
1965  6 15 1965.46     8576.33
1965  7 15 1965.54     7938.39
1965  8 15 1965.62     8560.97
1965  9 15 1965.71     9585.33
1965 10 15 1965.79    12180.60
1965 11 15 1965.88    11000.00
1965 12 15 1965.96    10598.40
1966  1 15 1966.04    11027.10
1966  2 15 1966.12    10391.40
1966  3 15 1966.21    12596.80
1966  4 15 1966.29    14743.30
1966  5 15 1966.38    12735.50
1966  6 15 1966.46    10726.70
1966  7 15 1966.54     9078.39
1966  8 15 1966.62     9420.97
1966  9 15 1966.71     8972.00
1966 10 15 1966.79     9324.84
1966 11 15 1966.88    10373.00
1966 12 15 1966.96    12374.20
1967  1 15 1967.04    10547.70
1967  2 15 1967.12    10945.00
1967  3 15 1967.21     9554.19
1967  4 15 1967.29    15263.30
1967  5 15 1967.38    14800.00
1967  6 15 1967.46    12303.30
1967  7 15 1967.54    11059.00
1967  8 15 1967.62     9892.26
1967  9 15 1967.71     9621.67
1967 10 15 1967.79    12448.40
1967 11 15 1967.88    14226.70
1967 12 15 1967.96    13145.20
1968  1 15 1968.04    11245.20
1968  2 15 1968.12    11175.90
1968  3 15 1968.21    12280.60
1968  4 15 1968.29    17313.30
1968  5 15 1968.38    11558.10
1968  6 15 1968.46    10129.30
1968  7 15 1968.54    10502.90
1968  8 15 1968.62     9962.26
1968  9 15 1968.71    10029.00
1968 10 15 1968.79     9888.71
1968 11 15 1968.88    10068.70
1968 12 15 1968.96    10497.40
1969  1 15 1969.04    10919.40
1969  2 15 1969.12    10853.60
1969  3 15 1969.21    10862.30
1969  4 15 1969.29    17910.00
1969  5 15 1969.38    19158.10
1969  6 15 1969.46    13450.00
1969  7 15 1969.54    11977.40
1969  8 15 1969.62    11725.80
1969  9 15 1969.71    10860.00
1969 10 15 1969.79    10103.20
1969 11 15 1969.88    12150.00
1969 12 15 1969.96    11358.10
1970  1 15 1970.04    10761.30
1970  2 15 1970.12    10372.10
1970  3 15 1970.21    10193.20
1970  4 15 1970.29    16363.30
1970  5 15 1970.38    16996.80
1970  6 15 1970.46    12736.70
1970  7 15 1970.54    11916.10
1970  8 15 1970.62    10845.20
1970  9 15 1970.71    10514.70
1970 10 15 1970.79    11309.70
1970 11 15 1970.88    11536.70
1970 12 15 1970.96    11242.30
1971  1 15 1971.04    10747.70
1971  2 15 1971.12    10510.70
1971  3 15 1971.21    11129.00
1971  4 15 1971.29    17236.70
1971  5 15 1971.38    19387.10
1971  6 15 1971.46    11820.00
1971  7 15 1971.54    10184.20
1971  8 15 1971.62    10571.60
1971  9 15 1971.71    10623.30
1971 10 15 1971.79    10281.90
1971 11 15 1971.88     9449.67
1971 12 15 1971.96     9716.77
1972  1 15 1972.04     9714.84
1972  2 15 1972.12     9778.97
1972  3 15 1972.21    10499.40
1972  4 15 1972.29    16006.70
1972  5 15 1972.38    22519.40
1972  6 15 1972.46    15160.00
1972  7 15 1972.54    14732.30
1972  8 15 1972.62    14048.40
1972  9 15 1972.71    12460.00
1972 10 15 1972.79    13235.50
1972 11 15 1972.88    13743.30
1972 12 15 1972.96    12267.70
1973  1 15 1973.04    11925.80
1973  2 15 1973.12    12842.90
1973  3 15 1973.21    17629.00
1973  4 15 1973.29    20020.00
1973  5 15 1973.38    18993.50
1973  6 15 1973.46    15640.00
1973  7 15 1973.54    14251.60
1973  8 15 1973.62    12983.90
1973  9 15 1973.71    12666.70
1973 10 15 1973.79    12764.50
1973 11 15 1973.88    12093.30
1973 12 15 1973.96    12841.90
1974  1 15 1974.04    12367.70
1974  2 15 1974.12    12135.70
1974  3 15 1974.21    14161.30
1974  4 15 1974.29    19903.30
1974  5 15 1974.38    25751.60
1974  6 15 1974.46    18216.70
1974  7 15 1974.54    14345.20
1974  8 15 1974.62    12774.20
1974  9 15 1974.71    11596.70
1974 10 15 1974.79    11703.20
1974 11 15 1974.88    12303.30
1974 12 15 1974.96    12758.10
1975  1 15 1975.04    11480.60
1975  2 15 1975.12    10882.10
1975  3 15 1975.21    12758.10
1975  4 15 1975.29    16630.00
1975  5 15 1975.38    17322.60
1975  6 15 1975.46    13663.30
1975  7 15 1975.54    10729.00
1975  8 15 1975.62     9854.84
1975  9 15 1975.71    10342.30
1975 10 15 1975.79    11454.80
1975 11 15 1975.88    12073.30
1975 12 15 1975.96    11874.20
1976  1 15 1976.04    11191.30
1976  2 15 1976.12    12075.90
1976  3 15 1976.21    15977.40
1976  4 15 1976.29    23723.30
1976  5 15 1976.38    20196.80
1976  6 15 1976.46    14323.30
1976  7 15 1976.54    14454.80
1976  8 15 1976.62    14132.30
1976  9 15 1976.71    12096.70
1976 10 15 1976.79    12896.80
1976 11 15 1976.88    12096.70
1976 12 15 1976.96    10481.90
1977  1 15 1977.04     9980.00
1977  2 15 1977.12     9251.07
1977  3 15 1977.21    14210.30
1977  4 15 1977.29    18650.00
1977  5 15 1977.38    13893.50
1977  6 15 1977.46    10963.30
1977  7 15 1977.54     9639.68
1977  8 15 1977.62     9698.06
1977  9 15 1977.71    10543.30
1977 10 15 1977.79    13658.10
1977 11 15 1977.88    12950.00
1977 12 15 1977.96    11819.40
1978  1 15 1978.04    11603.20
1978  2 15 1978.12    11932.10
1978  3 15 1978.21    12000.00
1978  4 15 1978.29    18280.00
1978  5 15 1978.38    17729.00
1978  6 15 1978.46    13040.00
1978  7 15 1978.54    10990.30
1978  8 15 1978.62    10315.50
1978  9 15 1978.71     9938.00
1978 10 15 1978.79    10451.00
1978 11 15 1978.88     9880.33
1978 12 15 1978.96     8950.00
1979  1 15 1979.04     9792.26
1979  2 15 1979.12    10360.70
1979  3 15 1979.21    15145.20
1979  4 15 1979.29    19320.00
1979  5 15 1979.38    18325.80
1979  6 15 1979.46    13490.00
1979  7 15 1979.54    10919.70
1979  8 15 1979.62    10400.00
1979  9 15 1979.71    11596.70
1979 10 15 1979.79    12274.20
1979 11 15 1979.88    13193.30
1979 12 15 1979.96    14041.90
1980  1 15 1980.04    11741.90
1980  2 15 1980.12    10872.40
1980  3 15 1980.21    11450.60
1980  4 15 1980.29    15716.70
1980  5 15 1980.38    13896.80
1980  6 15 1980.46    11293.30
1980  7 15 1980.54    11109.70
1980  8 15 1980.62    11277.40
1980  9 15 1980.71    11920.00
1980 10 15 1980.79    13332.30
1980 11 15 1980.88    12853.30
1980 12 15 1980.96    11719.40
1981  1 15 1981.04    10094.50
1981  2 15 1981.12    14157.50
1981  3 15 1981.21    14274.20
1981  4 15 1981.29    17846.70
1981  5 15 1981.38    14622.60
1981  6 15 1981.46    13506.70
1981  7 15 1981.54    10845.50
1981  8 15 1981.62    11606.10
1981  9 15 1981.71    12396.70
1981 10 15 1981.79    13232.30
1981 11 15 1981.88    13406.70
1981 12 15 1981.96    12180.60
1982  1 15 1982.04    10299.70
1982  2 15 1982.12    10180.40
1982  3 15 1982.21    10993.50
1982  4 15 1982.29    17893.30
1982  5 15 1982.38    15635.50
1982  6 15 1982.46    11783.30
1982  7 15 1982.54    10906.50
1982  8 15 1982.62     9970.65
1982  9 15 1982.71    10048.70
1982 10 15 1982.79    10122.30
1982 11 15 1982.88    11678.00
1982 12 15 1982.96    12887.10
1983  1 15 1983.04    11251.60
1983  2 15 1983.12    11285.70
1983  3 15 1983.21    12848.40
1983  4 15 1983.29    16700.00
1983  5 15 1983.38    21674.20
1983  6 15 1983.46    15823.30
1983  7 15 1983.54    10800.00
1983  8 15 1983.62    10068.70
1983  9 15 1983.71     9953.00
1983 10 15 1983.79    10272.90
1983 11 15 1983.88    11953.30
1983 12 15 1983.96    12825.80
1984  1 15 1984.04    10674.20
1984  2 15 1984.12    12155.20
1984  3 15 1984.21    12764.50
1984  4 15 1984.29    19376.70
1984  5 15 1984.38    16422.60
1984  6 15 1984.46    14800.00
1984  7 15 1984.54    13416.10
1984  8 15 1984.62    11690.30
1984  9 15 1984.71    11026.70
1984 10 15 1984.79    10138.10
1984 11 15 1984.88    11366.70
1984 12 15 1984.96    11512.90
1985  1 15 1985.04    11232.30
1985  2 15 1985.12    11578.60
1985  3 15 1985.21    13806.50
1985  4 15 1985.29    17180.00
1985  5 15 1985.38    16858.10
1985  6 15 1985.46    12486.70
1985  7 15 1985.54    12280.60
1985  8 15 1985.62    11793.50
1985  9 15 1985.71    10943.30
1985 10 15 1985.79    11390.30
1985 11 15 1985.88    11850.00
1985 12 15 1985.96    11273.20
1986  1 15 1986.04    11317.10
1986  2 15 1986.12    11917.90
1986  3 15 1986.21    13041.90
1986  4 15 1986.29    18576.70
1986  5 15 1986.38    16422.60
1986  6 15 1986.46    13903.30
1986  7 15 1986.54    12877.40
1986  8 15 1986.62    13077.40
1986  9 15 1986.71    13006.70
1986 10 15 1986.79    13690.30
1986 11 15 1986.88    13696.70
1986 12 15 1986.96    13512.90
1987  1 15 1987.04    11812.60
1987  2 15 1987.12    10796.80
1987  3 15 1987.21    13312.90
1987  4 15 1987.29    17250.00
1987  5 15 1987.38    12574.20
1987  6 15 1987.46    12373.30
1987  7 15 1987.54    11409.70
1987  8 15 1987.62    10181.30
1987  9 15 1987.71     9928.33
1987 10 15 1987.79    10501.30
1987 11 15 1987.88    10630.00
1987 12 15 1987.96    12071.00
1988  1 15 1988.04    10280.60
1988  2 15 1988.12    10613.80
1988  3 15 1988.21    10621.00
1988  4 15 1988.29    16250.00
1988  5 15 1988.38    12654.80
1988  6 15 1988.46     9672.33
1988  7 15 1988.54     8917.42
1988  8 15 1988.62    10142.60
1988  9 15 1988.71     9603.33
1988 10 15 1988.79    11416.10
1988 11 15 1988.88    14703.30
1988 12 15 1988.96    11377.40
1989  1 15 1989.04     9688.85
1989  2 15 1989.12     9392.12
1989  3 15 1989.21     9092.78
1989  4 15 1989.29    11559.64
1989  5 15 1989.38    13695.66
1989  6 15 1989.46    12657.79
1989  7 15 1989.54    10751.70
1989  8 15 1989.62     9795.10
1989  9 15 1989.71     9334.47
1989 10 15 1989.79     9524.02
1989 11 15 1989.88    11501.02
1989 12 15 1989.96     9164.86
1990  1 15 1990.04    10916.73
1990  2 15 1990.12    10709.13
1990  3 15 1990.21    11385.34
1990  4 15 1990.29    14925.25
1990  5 15 1990.38    14596.05
1990  6 15 1990.46    12828.98
1990  7 15 1990.54    10890.33
1990  8 15 1990.62     9884.14
1990  9 15 1990.71     9561.19
1990 10 15 1990.79    11442.93
1990 11 15 1990.88    12368.70
1990 12 15 1990.96    11860.48
1991  1 15 1991.04    10855.32
1991  2 15 1991.12    10658.51
1991  3 15 1991.21    15623.03
1991  4 15 1991.29    20141.45
1991  5 15 1991.38    14381.18
1991  6 15 1991.46    10934.40
1991  7 15 1991.54    10098.87
1991  8 15 1991.62     9795.10
1991  9 15 1991.71     9649.95
1991 10 15 1991.79    10373.59
1991 11 15 1991.88    10226.28
1991 12 15 1991.96     9919.03
1992  1 15 1992.04     9728.26
1992  2 15 1992.12    11520.50
1992  3 15 1992.21    10188.37
1992  4 15 1992.29    13398.50
1992  5 15 1992.38    13658.07
1992  6 15 1992.46    11281.11
1992  7 15 1992.54    11481.60
1992  8 15 1992.62    10469.30
1992  9 15 1992.71    10287.67
1992 10 15 1992.79    11023.63
1992 11 15 1992.88    12423.54
1992 12 15 1992.96    12110.46
1993  1 15 1993.04    10582.59
1993  2 15 1993.12    11740.23
1993  3 15 1993.21    12057.30
1993  4 15 1993.29    21069.17
1993  5 15 1993.38    15674.80
1993  6 15 1993.46    14167.98
1993  7 15 1993.54    12093.86
1993  8 15 1993.62    11084.84
1993  9 15 1993.71    10417.75
1993 10 15 1993.79    11311.80
1993 11 15 1993.88    11071.42
1993 12 15 1993.96    10892.43
1994  1 15 1994.04     9366.97
1994  2 15 1994.12     9648.21
1994  3 15 1994.21    11255.49
1994  4 15 1994.29    14556.98
1994  5 15 1994.38    15891.48
1994  6 15 1994.46    13581.05
1994  7 15 1994.54    14023.57
1994  8 15 1994.62    12379.42
1994  9 15 1994.71    11038.17
1994 10 15 1994.79    10285.43
1994 11 15 1994.88    10831.25
1994 12 15 1994.96    10528.69
1995  1 15 1995.04    14002.23
1995  2 15 1995.12    10929.71
1995  3 15 1995.21    15041.78
1995  4 15 1995.29    12244.83
1995  5 15 1995.38    13163.48
1995  6 15 1995.46    10941.79
1995  7 15 1995.54    10116.84
1995  8 15 1995.62     9904.20
1995  9 15 1995.71     9106.78
1995 10 15 1995.79    10438.64
1995 11 15 1995.88    13106.26
1995 12 15 1995.96    11757.92
1996  1 15 1996.04    10985.43
1996  2 15 1996.12    12141.99
1996  3 15 1996.21    11641.41
1996  4 15 1996.29    16276.54
1996  5 15 1996.38    18929.59
1996  6 15 1996.46    12979.81
1996  7 15 1996.54    14710.00
1996  8 15 1996.62    11540.47
1996  9 15 1996.71    12251.43
1996 10 15 1996.79    11771.04
1996 11 15 1996.88    12600.48
1996 12 15 1996.96    12643.43
1997  1 15 1997.04    10025.96
1997  2 15 1997.12    11294.95
1997  3 15 1997.21    12690.31
1997  4 15 1997.29    18965.13
1997  5 15 1997.38    21050.94
1997  6 15 1997.46    14310.25
1997  7 15 1997.54    11998.91
1997  8 15 1997.62    11288.01
1997  9 15 1997.71    10996.63
1997 10 15 1997.79    11341.19
1997 11 15 1997.88    11200.10
1997 12 15 1997.96    11326.42
1998  1 15 1998.04    12431.46
1998  2 15 1998.12    12902.39
1998  3 15 1998.21    17418.84
1998  4 15 1998.29    21518.97
1998  5 15 1998.38    14748.01
1998  6 15 1998.46    13520.80
1998  7 15 1998.54    12292.75
1998  8 15 1998.62    10258.55
1998  9 15 1998.71    10866.85
1998 10 15 1998.79    10289.01
1998 11 15 1998.88    10324.23
1998 12 15 1998.96     9307.16
1999  1 15 1999.04     8866.90
1999  2 15 1999.12    11214.52
1999  3 15 1999.21    12278.33
1999  4 15 1999.29    14569.70
1999  5 15 1999.38    11386.93
1999  6 15 1999.46    10305.60
1999  7 15 1999.54    10174.90
1999  8 15 1999.62     9598.63
1999  9 15 1999.71    10243.25
1999 10 15 1999.79    10595.79
1999 11 15 1999.88    11131.34
1999 12 15 1999.96    10823.91
2000  1 15 2000.04    10227.82
2000  2 15 2000.12     9439.24
2000  3 15 2000.21    12556.44
2000  4 15 2000.29    15473.60
2000  5 15 2000.38    15703.54
2000  6 15 2000.46    11386.66
2000  7 15 2000.54    11916.59
2000  8 15 2000.62    11151.09
2000  9 15 2000.71     9936.41
2000 10 15 2000.79    10021.96
2000 11 15 2000.88    10971.65
2000 12 15 2000.96     9038.59
2001  1 15 2001.04     9566.85
2001  2 15 2001.12     9219.19
2001  3 15 2001.21    10776.36
2001  4 15 2001.29    14023.89
2001  5 15 2001.38    12336.52
2001  6 15 2001.46    10516.56
2001  7 15 2001.54     9768.52
2001  8 15 2001.62     9198.02
2001  9 15 2001.71     9494.45
2001 10 15 2001.79     9872.47
2001 11 15 2001.88    10375.34
2001 12 15 2001.96    10265.46
2002  1 15 2002.04     9953.88
2002  2 15 2002.12    10584.18
2002  3 15 2002.21    10277.09
2002  4 15 2002.29    14730.70
2002  5 15 2002.38    14087.55
2002  6 15 2002.46    13685.04
2002  7 15 2002.54    11445.21
2002  8 15 2002.62     9735.91
2002  9 15 2002.71     9479.37
2002 10 15 2002.79     9109.73
2002 11 15 2002.88    10430.50
2002 12 15 2002.96     9197.51
2003  1 15 2003.04     8826.41
2003  2 15 2003.12     8650.55
2003  3 15 2003.21     9440.43
2003  4 15 2003.29    11624.14
2003  5 15 2003.38    12430.45
2003  6 15 2003.46    11028.14
2003  7 15 2003.54     9929.50
2003  8 15 2003.62    11217.59
2003  9 15 2003.71     9500.45
2003 10 15 2003.79    10271.26
2003 11 15 2003.88    12652.45
2003 12 15 2003.96    14666.67
2004  1 15 2004.04    10654.63
2004  2 15 2004.12     9921.37
2004  3 15 2004.21    11784.04
2004  4 15 2004.29    15160.48
2004  5 15 2004.38    14248.44
2004  6 15 2004.46    12062.39
2004  7 15 2004.54    11570.30
2004  8 15 2004.62    10842.24
2004  9 15 2004.71     9987.51
2004 10 15 2004.79    10921.87
2004 11 15 2004.88    10036.11
2004 12 15 2004.96     9709.47
2005  1 15 2005.04     9425.68
2005  2 15 2005.12    10406.38
2005  3 15 2005.21    11620.56
2005  4 15 2005.29    19428.73
2005  5 15 2005.38    15948.29
2005  6 15 2005.46    12246.32
2005  7 15 2005.54     9887.11
2005  8 15 2005.62     9327.79
2005  9 15 2005.71     9593.01
2005 10 15 2005.79    12818.96
2005 11 15 2005.88    11307.93
2005 12 15 2005.96    11241.38
2006  1 15 2006.04    11382.00
2006  2 15 2006.12    11833.62
2006  3 15 2006.21    12099.39
2006  4 15 2006.29    16392.05
2006  5 15 2006.38    14813.55
2006  6 15 2006.46    11672.77
2006  7 15 2006.54    10526.95
2006  8 15 2006.62    10536.60
2006  9 15 2006.71    10163.51
2006 10 15 2006.79    13110.30
2006 11 15 2006.88    14714.88
2006 12 15 2006.96    12589.71
2007  1 15 2007.04    10358.07
2007  2 15 2007.12     9899.10
2007  3 15 2007.21    12774.90
2007  4 15 2007.29    15292.99
2007  5 15 2007.38    12570.73
2007  6 15 2007.46    11725.61
2007  7 15 2007.54    10362.72
2007  8 15 2007.62     9633.61
2007  9 15 2007.71     9130.04
2007 10 15 2007.79     9926.38
2007 11 15 2007.88     9672.31
2007 12 15 2007.96     9771.95
